684 706
779 276
322 829
773 485
246 713
592 420
434 651
596 836
172
1 1
1 75
1 50
1 30
1 4
2 7
2 1
1 28
2 4
1 57
1 63
1 42
1 66
1 21
1 64
2 2
1 12
1 39
1 14
1 9
1 14
2 4
1 48
1 32
2 6
2 7
1 53
1 71
2 7
1 11
2 8
2 7
1 3
1 83
1 93
1 20
2 4
1 99
2 2
1 87
2 2
1 65
1 17
1 41
1 33
1 16
2 6
1 31
1 44
1 84
1 7
2 7
1 90
2 7
2 5
1 24
1 18
1 34
2 5
2 7
2 1
1 19
2 1
2 4
1 91
1 26
2 6
2 7
2 5
1 67
1 43
1 40
1 23
2 5
2 3
2 1
1 74
2 1
2 6
1 6
1 35
2 2
2 4
1 79
2 1
2 6
1 29
1 33
1 13
1 15
2 6
1 45
2 6
2 5
1 52
1 85
2 7
1 70
1 8
1 60
1 89
2 6
1 82
2 1
2 7
1 49
2 7
1 51
2 3
2 6
2 2
1 47
2 2
1 5
2 4
1 46
1 27
2 1
1 37
1 61
1 37
1 72
1 56
2 7
1 62
2 7
1 68
2 5
1 69
2 5
2 1
1 73
1 54
1 94
1 76
2 1
1 81
2 1
2 7
2 3
1 77
1 88
2 3
2 7
1 58
1 10
2 7
1 78
2 5
1 36
1 2
1 25
1 54
1 100
1 92
1 59
1 38
1 86
2 4
2 2
1 96
1 55
2 2
1 22
1 95
1 80
2 6
2 1
1 97
1 98
2 4
1 1
