27 48
12 12 64 14 9 67 97 28 92 32 96 18 61 89 82 57 73 95 93 64 97 13 13 22 98 69 23 41 45 35 90 64 20 12 44 16 97 78 53 39 71 46 99 74 53 0 49 34
4 79 9 76 5 86 77 78 9 54 46 14 57 80 96 36 40 13 63 59 1 74 15 6 8 50 90 34 38 5 10 27 34 9 15 26 38 91 17 8 37 19 82 84 17 18 28 11
44 82 5 44 21 34 6 52 44 45 26 38 42 13 61 61 91 37 30 81 80 36 18 78 90 38 2 80 78 26 30 4 39 70 63 11 48 61 68 60 68 82 66 37 69 61 38 60
74 24 44 76 90 29 17 12 25 96 95 77 34 33 2 69 62 60 13 81 34 73 95 19 92 68 2 11 48 74 5 58 78 38 22 12 62 67 1 46 8 57 49 40 31 73 90 76
74 55 71 83 43 69 60 82 79 84 69 81 54 76 72 4 86 16 49 32 38 15 42 2 7 17 95 87 100 58 47 60 66 29 71 76 97 72 79 53 86 89 53 51 82 57 75 24
77 42 64 16 59 90 42 67 3 9 81 90 40 0 23 35 72 34 40 36 29 32 18 52 93 98 31 83 18 91 52 71 12 19 52 59 90 90 38 7 78 57 90 62 86 14 3 84
10 8 9 48 21 59 59 26 45 15 27 65 92 80 35 61 19 94 71 69 33 91 74 32 1 55 53 85 81 32 61 95 71 83 80 52 67 30 52 93 19 37 41 28 67 70 43 100
70 65 20 65 60 12 30 63 51 93 33 86 9 8 71 1 29 36 82 27 38 27 52 74 24 70 8 5 10 90 92 41 5 29 17 15 66 71 62 68 1 28 22 33 36 56 62 20
10 22 94 80 70 37 71 27 32 2 42 71 8 40 56 63 2 31 3 56 94 67 50 14 88 52 82 52 99 82 35 32 25 21 13 66 31 26 47 39 76 44 51 57 36 11 20 33
6 93 16 41 78 89 66 9 89 93 90 91 94 3 72 40 99 52 72 78 41 31 35 91 4 19 66 61 0 71 90 74 72 72 50 4 12 38 22 69 48 62 36 73 87 40 0 74
31 2 16 75 79 71 54 64 12 73 97 63 50 37 10 8 84 58 51 20 18 12 75 83 92 97 2 50 77 35 40 31 15 33 26 50 17 61 34 40 34 82 38 28 9 19 23 67
19 75 100 2 48 36 4 63 44 34 80 9 72 13 79 65 75 18 60 11 48 19 51 28 90 92 79 53 53 94 23 0 2 42 96 78 11 20 11 67 48 93 0 61 80 11 8 100
69 38 2 25 81 12 37 49 30 19 78 17 81 60 8 75 76 3 25 84 82 5 5 16 38 92 74 29 56 61 36 17 88 73 46 36 2 34 60 8 56 43 30 43 55 76 100 76
24 9 74 80 9 94 76 88 67 75 28 97 84 52 18 9 44 78 88 48 40 70 56 22 47 0 78 42 61 32 46 18 5 95 51 44 82 82 44 47 73 23 98 73 99 76 61 75
81 77 3 69 24 23 27 74 81 51 71 48 42 74 7 27 37 88 16 90 20 65 46 48 82 21 25 17 49 74 60 85 20 76 83 77 19 69 45 17 66 50 86 80 34 88 79 82
39 83 40 31 52 10 11 61 57 63 52 59 97 71 17 89 94 10 14 42 71 68 16 89 82 81 88 72 78 57 85 0 86 4 10 49 47 17 90 15 70 1 0 48 85 26 52 52
4 19 79 61 25 83 6 55 86 23 59 6 45 50 80 41 45 98 35 2 33 4 2 82 11 5 88 9 81 49 75 16 78 61 97 38 23 19 19 85 26 28 79 80 68 10 99 11
70 62 31 51 11 35 97 98 9 92 85 11 12 32 57 58 62 12 72 14 60 73 62 37 65 3 95 45 26 62 77 88 15 74 84 41 95 37 2 53 58 98 91 17 83 75 11 56
43 20 21 56 20 63 97 34 82 79 32 43 80 19 54 56 1 28 21 20 88 0 59 4 60 40 13 70 80 74 50 95 15 41 36 5 57 3 16 17 61 34 13 48 83 70 19 98
75 97 59 83 87 94 3 12 100 14 46 67 49 20 92 100 9 53 39 71 16 70 68 5 10 53 80 4 31 72 7 93 69 8 86 79 66 81 6 0 1 58 45 85 36 43 76 12
37 85 54 98 77 53 97 76 84 35 3 69 51 47 36 71 85 96 73 80 65 33 28 74 69 36 23 54 70 94 8 86 91 53 70 17 60 17 80 19 17 0 13 49 88 57 47 76
80 93 88 49 51 37 64 99 100 64 92 17 36 84 100 4 35 28 48 40 36 17 83 60 37 96 71 24 44 99 9 2 79 77 37 91 64 92 25 50 85 10 57 69 44 3 97 27
16 56 26 58 70 2 31 79 57 49 61 100 3 98 79 61 89 62 23 89 34 38 48 12 52 11 31 46 77 8 66 47 69 37 83 55 86 37 86 66 69 81 84 14 61 31 2 20
29 11 61 68 84 26 92 20 40 97 40 60 39 32 64 72 2 32 90 3 28 19 80 50 85 36 95 82 1 38 71 21 22 33 94 40 92 3 66 12 78 19 68 100 3 99 38 24
21 69 55 12 51 98 9 97 80 38 38 46 5 10 7 44 2 74 79 11 3 20 8 53 56 62 60 59 5 50 67 93 64 67 90 54 2 73 7 93 52 29 40 42 86 2 85 27
0 76 8 11 57 77 60 60 67 61 47 5 11 61 73 76 42 27 88 51 39 36 34 13 31 89 73 77 30 49 85 2 70 26 48 8 62 46 92 68 51 43 90 13 10 94 87 12
61 84 67 33 18 29 49 45 38 89 8 59 38 89 83 70 29 2 65 61 83 43 48 72 98 71 79 8 84 11 53 85 47 33 31 72 30 32 49 89 96 50 43 8 79 45 41 24
